WP082019,              WIPHA,     25,
20190729, 0000,  , DB, 15.9N, 117.0E,  15, 1010,    0,    0,    0,    0,    0,    0,    0,    0,    0,    0,    0,    0, -999
20190729, 0600,  , DB, 16.4N, 116.8E,  15, 1010,    0,    0,    0,    0,    0,    0,    0,    0,    0,    0,    0,    0, -999
20190729, 1200,  , DB, 16.8N, 116.6E,  15, 1010,    0,    0,    0,    0,    0,    0,    0,    0,    0,    0,    0,    0, -999
20190729, 1800,  , DB, 17.2N, 116.0E,  15, 1003,    0,    0,    0,    0,    0,    0,    0,    0,    0,    0,    0,    0, -999
20190730, 0000,  , DB, 17.5N, 115.4E,  15, 1002,    0,    0,    0,    0,    0,    0,    0,    0,    0,    0,    0,    0, -999
20190730, 0600,  , DB, 17.7N, 114.8E,  20, 1001,    0,    0,    0,    0,    0,    0,    0,    0,    0,    0,    0,    0, -999
20190730, 1200,  , TD, 17.9N, 114.3E,  25,  997,    0,    0,    0,    0,    0,    0,    0,    0,    0,    0,    0,    0, -999
20190730, 1800,  , TD, 18.2N, 114.0E,  25,  997,    0,    0,    0,    0,    0,    0,    0,    0,    0,    0,    0,    0, -999
20190731, 0000,  , TD, 18.6N, 113.5E,  30,  995,    0,    0,    0,    0,    0,    0,    0,    0,    0,    0,    0,    0, -999
20190731, 0600,  , TS, 19.1N, 112.9E,  35,  997,  120,  100,   60,   90,    0,    0,    0,    0,    0,    0,    0,    0, -999
20190731, 1200,  , TS, 19.3N, 112.2E,  35,  996,  140,  140,   60,  140,    0,    0,    0,    0,    0,    0,    0,    0, -999
20190731, 1800,  , TS, 19.7N, 111.5E,  40,  995,  120,  140,   90,  120,    0,    0,    0,    0,    0,    0,    0,    0, -999
20190801, 0000,  , TS, 20.1N, 111.1E,  40,  989,   60,   90,   90,   60,    0,    0,    0,    0,    0,    0,    0,    0, -999
20190801, 0600,  , TS, 20.8N, 111.1E,  45,  989,   60,   80,   80,   60,    0,    0,    0,    0,    0,    0,    0,    0, -999
20190801, 0900,  , TS, 21.2N, 110.7E,  45,  989,   60,   80,   80,   60,    0,    0,    0,    0,    0,    0,    0,    0, -999
20190801, 1200,  , TS, 21.4N, 110.2E,  40,  992,   60,   50,   60,   60,    0,    0,    0,    0,    0,    0,    0,    0, -999
20190801, 1800,  , TS, 21.2N, 109.5E,  35,  996,   60,   50,   50,   60,    0,    0,    0,    0,    0,    0,    0,    0, -999
20190802, 0000,  , TS, 21.2N, 109.3E,  40,  994,   50,   40,   40,   50,    0,    0,    0,    0,    0,    0,    0,    0, -999
20190802, 0600,  , TS, 21.4N, 109.0E,  50,  986,   40,   40,   30,   40,    0,    0,    0,    0,    0,    0,    0,    0, -999
20190802, 1200,  , TS, 21.5N, 108.4E,  55,  983,   40,   30,   30,   40,    0,    0,    0,    0,    0,    0,    0,    0, -999
20190802, 1800,  , TS, 21.4N, 107.4E,  55,  984,   40,   30,   30,   40,    0,    0,    0,    0,    0,    0,    0,    0, -999
20190803, 0000,  , TS, 21.3N, 106.7E,  40,  989,   40,   30,   30,   40,    0,    0,    0,    0,    0,    0,    0,    0, -999
20190803, 0600,  , TD, 21.0N, 106.0E,  30,  995,    0,    0,    0,    0,    0,    0,    0,    0,    0,    0,    0,    0, -999
20190803, 1200,  , TD, 20.6N, 105.2E,  25,  997,    0,    0,    0,    0,    0,    0,    0,    0,    0,    0,    0,    0, -999
20190803, 1800,  , DB, 20.2N, 104.4E,  20,  997,    0,    0,    0,    0,    0,    0,    0,    0,    0,    0,    0,    0, -999
